0.000000000000000000e+00 1.008220307766137417e-05
8.851198729737653993e-04 1.012866368496156335e+08
1.769946883475157721e-03 2.030078136373285055e+08
2.654933889084532504e-03 3.047634833113324642e+08
3.560759964321826097e-03 3.883263866788173914e+08
4.505646845764517752e-03 4.361145116316230893e+08
5.474599114298503953e-03 4.611334064763622284e+08
6.452119069535017584e-03 4.784572006693966389e+08
7.434048285525600083e-03 4.912921335449881554e+08
8.418567352279049745e-03 5.009231090746517181e+08
9.403880276661847823e-03 5.088040747884228230e+08
1.038912584365976437e-02 5.158234705308399796e+08
1.137400897880204084e-02 5.223823153667861223e+08
1.235838953418229649e-02 5.286534310571649075e+08
1.334219897661081608e-02 5.346893034991935492e+08
1.432545692733742590e-02 5.404274840449132919e+08
1.530828656400201257e-02 5.456955017596735954e+08
1.629087789030866928e-02 5.503022697663067579e+08
1.727341197095715389e-02 5.541057035818009377e+08
1.825593488295242095e-02 5.570750300605154037e+08
1.923829669743709614e-02 5.593405258842585087e+08
2.022023940353233698e-02 5.611063404769270420e+08
2.120152202677326111e-02 5.625401641315386295e+08
2.218197267410078680e-02 5.637455153360878229e+08
2.316148783406490885e-02 5.647864657850040197e+08
2.414001773220077196e-02 5.657094927654249668e+08
