0.000000000000000000e+00 1.063511220952646461e-05
8.846696116716359047e-04 1.148886251884802282e+08
1.769042567667299636e-03 2.302680482206192613e+08
2.656551280183940770e-03 3.438875119522297382e+08
3.572023842568676413e-03 4.404291052294449806e+08
4.514367714093081574e-03 5.225111326574804783e+08
5.486777049585244738e-03 5.827030913727490902e+08
6.480193149924459543e-03 6.247062177950198650e+08
7.485513562026618016e-03 6.574958477075934410e+08
8.501350391025636749e-03 6.834390380766873360e+08
9.526184436658948623e-03 7.036248837569749355e+08
1.055761102907448040e-02 7.197835790699170828e+08
1.159371128212566271e-02 7.331871168229333162e+08
1.263302301917382242e-02 7.445534323045140505e+08
1.367443193397257888e-02 7.543268842885651588e+08
1.471715023113832031e-02 7.627543062299896479e+08
1.576059385139904831e-02 7.699732867371323109e+08
1.680421907892736683e-02 7.761105148318798542e+08
1.784751917631147503e-02 7.813177364068473577e+08
1.889015357461880373e-02 7.857460363971620798e+08
1.993194706034259397e-02 7.895281170581858158e+08
2.097281185567602402e-02 7.927824565552436113e+08
2.201269695367747553e-02 7.956146492661927938e+08
2.305157508278257716e-02 7.981109642695879936e+08
2.408943640136722297e-02 8.003364288466197252e+08
2.512627413041569266e-02 8.023396162650099993e+08
